{
    "basis_align": [
        [
            [
                0.3623749017715454,
                -2.7452575768194265e-09,
                -0.9320324063301086
            ],
            [
                -0.9164985418319702,
                0.18181189894676208,
                -0.356335312128067
            ],
            [
                0.16945457458496094,
                0.9833333492279053,
                0.0658840611577034
            ]
        ],
        [
            [
                -0.8967828154563904,
                -2.0793615718162073e-09,
                0.4424709975719452
            ],
            [
                0.4203474223613739,
                0.31224992871284485,
                0.8519436717033386
            ],
            [
                -0.13816151022911072,
                0.949999988079071,
                -0.2800203561782837
            ]
        ],
        [
            [
                0.960144579410553,
                4.348823523514511e-09,
                0.2795037627220154
            ],
            [
                0.2562117576599121,
                0.3996526300907135,
                -0.8801325559616089
            ],
            [
                -0.11170440912246704,
                0.9166666865348816,
                0.38372430205345154
            ]
        ],
        [
            [
                -0.5191786885261536,
                2.919906316734e-09,
                -0.8546657562255859
            ],
            [
                -0.7549547553062439,
                0.4687453806400299,
                0.45860782265663147
            ],
            [
                0.40062063932418823,
                0.8833333253860474,
                -0.24336260557174683
            ]
        ],
        [
            [
                -0.19449222087860107,
                4.621896199097364e-09,
                0.9809040427207947
            ],
            [
                0.8337684869766235,
                0.526782751083374,
                0.16531839966773987
            ],
            [
                -0.5167233347892761,
                0.8500000238418579,
                -0.10245514661073685
            ]
        ],
        [
            [
                0.8060036897659302,
                2.9818867375297486e-09,
                -0.5919105410575867
            ],
            [
                -0.4833936095237732,
                0.5771096348762512,
                -0.6582363247871399
            ],
            [
                0.341597318649292,
                0.8166666626930237,
                0.4651525020599365
            ]
        ],
        [
            [
                -0.9941518306732178,
                -1.4782417512293478e-09,
                -0.10799126327037811
            ],
            [
                -0.08459316939115524,
                0.6216018795967102,
                0.778752326965332
            ],
            [
                0.06712757050991058,
                0.783333420753479,
                -0.6179666519165039
            ]
        ],
        [
            [
                0.6601095795631409,
                -5.154249804739663e-10,
                0.7511693239212036
            ],
            [
                0.5633770227432251,
                0.6614378094673157,
                -0.49508222937583923
            ],
            [
                -0.4968518018722534,
                0.75,
                0.43662142753601074
            ]
        ],
        [
            [
                0.020663324743509293,
                -1.3418638422635354e-10,
                -0.9997864961624146
            ],
            [
                -0.7165136337280273,
                0.6974158883094788,
                -0.0148087153211236
            ],
            [
                0.6972669959068298,
                0.7166666388511658,
                0.014410930685698986
            ]
        ],
        [
            [
                -0.6905825734138489,
                -9.069530904071144e-09,
                0.7232535481452942
            ],
            [
                0.4942232668399811,
                0.7301065325737,
                0.4718981087207794
            ],
            [
                -0.5280521512031555,
                0.6833333373069763,
                -0.5041988492012024
            ]
        ],
        [
            [
                0.9977648258209229,
                -4.474051407132862e-10,
                -0.066822849214077
            ],
            [
                -0.04343485087156296,
                0.75993412733078,
                -0.6485471129417419
            ],
            [
                0.050780970603227615,
                0.6499999761581421,
                0.7582355737686157
            ]
        ],
        [
            [
                -0.7808589339256287,
                1.310186892311549e-08,
                -0.6247074007987976
            ],
            [
                -0.3852362334728241,
                0.7872243523597717,
                0.48152968287467957
            ],
            [
                0.49178487062454224,
                0.6166666746139526,
                -0.6147111654281616
            ]
        ],
        [
            [
                0.15379731357097626,
                8.562163755776453e-10,
                0.9881024360656738
            ],
            [
                0.5763930082321167,
                0.8122328519821167,
                -0.08971507847309113
            ],
            [
                -0.8025692701339722,
                0.5833332538604736,
                0.12491922825574875
            ]
        ],
        [
            [
                0.5540482401847839,
                1.5050714452513603e-08,
                -0.8324845433235168
            ],
            [
                -0.45786651968955994,
                0.8351646661758423,
                -0.30472657084465027
            ],
            [
                0.6952616572380066,
                0.550000011920929,
                0.4627215564250946
            ]
        ],
        [
            [
                -0.9708731770515442,
                -1.4417769929331303e-11,
                0.2395939975976944
            ],
            [
                0.12379022687673569,
                0.8561866283416748,
                0.5016177892684937
            ],
            [
                -0.20513717830181122,
                0.5166666507720947,
                -0.8312486410140991
            ]
        ],
        [
            [
                0.8777350783348083,
                1.4287870442331041e-08,
                0.47914624214172363
            ],
            [
                0.23158732056617737,
                0.8754364252090454,
                -0.4242385923862457
            ],
            [
                -0.41946208477020264,
                0.4833332896232605,
                0.7684012651443481
            ]
        ],
        [
            [
                -0.3235558867454529,
                -1.7765469095820663e-09,
                -0.9462090730667114
            ],
            [
                -0.4257940948009491,
                0.8930285573005676,
                0.14560014009475708
            ],
            [
                0.8449917435646057,
                0.44999998807907104,
                -0.28894466161727905
            ]
        ],
        [
            [
                -0.4005749523639679,
                2.451342240306076e-09,
                0.916263997554779
            ],
            [
                0.3817766606807709,
                0.9090593457221985,
                0.1669062376022339
            ],
            [
                -0.8329383730888367,
                0.4166666567325592,
                -0.3641464412212372
            ]
        ],
        [
            [
                0.914298951625824,
                -1.2973080387723712e-09,
                -0.40504002571105957
            ],
            [
                -0.15526534616947174,
                0.9236100912094116,
                -0.3504812717437744
            ],
            [
                0.3740990459918976,
                0.38333332538604736,
                0.8444557189941406
            ]
        ],
        [
            [
                -0.947776198387146,
                -1.3810552701443157e-09,
                -0.31893616914749146
            ],
            [
                -0.11162766069173813,
                0.9367496967315674,
                0.3317216634750366
            ],
            [
                0.29876336455345154,
                0.3499999940395355,
                -0.887829065322876
            ]
        ],
        [
            [
                0.4834224283695221,
                4.1649106385932555e-09,
                0.8753872513771057
            ],
            [
                0.2772060036659241,
                0.9485368728637695,
                -0.15308377146720886
            ],
            [
                -0.8303371071815491,
                0.3166666626930237,
                0.45854395627975464
            ]
        ],
        [
            [
                0.23485495150089264,
                1.3855352420932832e-09,
                -0.9720304012298584
            ],
            [
                -0.27540862560272217,
                0.9590215086936951,
                -0.06654223799705505
            ],
            [
                0.9321980476379395,
                0.28333333134651184,
                0.22523094713687897
            ]
        ],
        [
            [
                -0.829771876335144,
                5.575126582613166e-09,
                0.5581026673316956
            ],
            [
                0.13952568173408508,
                0.9682458639144897,
                0.207442969083786
            ],
            [
                -0.5403806567192078,
                0.25,
                -0.8034231662750244
            ]
        ],
        [
            [
                0.9888409376144409,
                -9.117615551446079e-10,
                0.14897523820400238
            ],
            [
                0.032277967780828476,
                0.976245641708374,
                -0.2142488658428192
            ],
            [
                -0.14543642103672028,
                0.21666666865348816,
                0.9653516411781311
            ]
        ],
        [
            [
                -0.6285092234611511,
                3.323819885991952e-09,
                -0.7778021693229675
            ],
            [
                -0.14259709417819977,
                0.9830508232116699,
                0.11522670835256577
            ],
            [
                0.7646190524101257,
                0.1833333522081375,
                -0.617856502532959
            ]
        ],
        [
            [
                -0.06195468455553055,
                1.0019272078665153e-09,
                0.9980789422988892
            ],
            [
                0.14971184730529785,
                0.9886860251426697,
                0.009293203242123127
            ],
            [
                -0.9867867231369019,
                0.15000000596046448,
                -0.061253730207681656
            ]
        ],
        [
            [
                0.7198761105537415,
                3.3588956060981445e-09,
                -0.6941025853157043
            ],
            [
                -0.0809786319732666,
                0.9931711554527283,
                -0.08398554474115372
            ],
            [
                0.6893625855445862,
                0.11666665971279144,
                0.7149602174758911
            ]
        ],
        [
            [
                -0.9996737837791443,
                7.861609280235271e-11,
                0.025540314614772797
            ],
            [
                0.0021283593960106373,
                0.9965217113494873,
                0.08330614119768143
            ],
            [
                -0.025451477617025375,
                0.0833333283662796,
                -0.9961966276168823
            ]
        ],
        [
            [
                0.7543805837631226,
                1.318728459764884e-09,
                0.656437337398529
            ],
            [
                0.03282186761498451,
                0.9987491965293884,
                -0.03771902993321419
            ],
            [
                -0.655616283416748,
                0.05000000074505806,
                0.7534369826316833
            ]
        ],
        [
            [
                -0.1128397285938263,
                -1.3754164474022446e-10,
                -0.9936131834983826
            ],
            [
                -0.016560222953557968,
                0.9998611211776733,
                0.0018806623993441463
            ],
            [
                0.9934751987457275,
                0.01666666939854622,
                -0.11282406002283096
            ]
        ]
    ],
    "c2ws": [
        [
            [
                0.3623749017715454,
                0.9164985418319702,
                -0.16945457458496094,
                -0.6778182983398438
            ],
            [
                2.7452573547748216e-09,
                0.1818118840456009,
                0.9833332896232605,
                3.933333158493042
            ],
            [
                0.9320324063301086,
                -0.356335312128067,
                0.0658840611577034,
                0.2635362446308136
            ],
            [
                0.0,
                0.0,
                0.0,
                1.0
            ]
        ],
        [
            [
                -0.8967828154563904,
                -0.4203474223613739,
                0.1381615251302719,
                0.5526461005210876
            ],
            [
                -1.061558840831367e-08,
                0.31224989891052246,
                0.949999988079071,
                3.799999952316284
            ],
            [
                -0.4424709677696228,
                0.8519436717033386,
                -0.2800203561782837,
                -1.1200814247131348
            ],
            [
                0.0,
                0.0,
                0.0,
                1.0
            ]
        ],
        [
            [
                0.9601446390151978,
                -0.2562117874622345,
                0.11170441657304764,
                0.44681766629219055
            ],
            [
                -4.348823523514511e-09,
                0.3996526002883911,
                0.9166666269302368,
                3.6666665077209473
            ],
            [
                -0.2795037627220154,
                -0.8801325559616089,
                0.38372430205345154,
                1.5348972082138062
            ],
            [
                0.0,
                0.0,
                0.0,
                1.0
            ]
        ],
        [
            [
                -0.5191786289215088,
                0.7549546957015991,
                -0.40062060952186584,
                -1.6024824380874634
            ],
            [
                -2.7716653416831605e-09,
                0.4687453806400299,
                0.8833333253860474,
                3.5333333015441895
            ],
            [
                0.8546656966209412,
                0.4586077928543091,
                -0.24336259067058563,
                -0.9734503626823425
            ],
            [
                0.0,
                0.0,
                0.0,
                1.0
            ]
        ],
        [
            [
                -0.19449223577976227,
                -0.833768367767334,
                0.5167232751846313,
                2.0668931007385254
            ],
            [
                2.2057384807538938e-09,
                0.5267826914787292,
                0.8499999642372131,
                3.3999998569488525
            ],
            [
                -0.9809041023254395,
                0.16531836986541748,
                -0.10245513916015625,
                -0.409820556640625
            ],
            [
                0.0,
                0.0,
                0.0,
                1.0
            ]
        ],
        [
            [
                0.8060036301612854,
                0.4833936095237732,
                -0.3415972888469696,
                -1.3663891553878784
            ],
            [
                -2.9818867375297486e-09,
                0.577109694480896,
                0.8166666626930237,
                3.2666666507720947
            ],
            [
                0.5919105410575867,
                -0.6582363247871399,
                0.4651525020599365,
                1.860610008239746
            ],
            [
                0.0,
                0.0,
                0.0,
                1.0
            ]
        ],
        [
            [
                -0.9941518306732178,
                0.08459315448999405,
                -0.06712756305932999,
                -0.26851025223731995
            ],
            [
                5.925535173645358e-09,
                0.6216018199920654,
                0.7833333015441895,
                3.133333206176758
            ],
            [
                0.10799127072095871,
                0.7787522673606873,
                -0.6179665923118591,
                -2.4718663692474365
            ],
            [
                0.0,
                0.0,
                0.0,
                1.0
            ]
        ],
        [
            [
                0.6601095795631409,
                -0.5633769631385803,
                0.49685177206993103,
                1.9874070882797241
            ],
            [
                -3.0218458846320573e-09,
                0.6614378094673157,
                0.7500000596046448,
                3.000000238418579
            ],
            [
                -0.7511693239212036,
                -0.49508216977119446,
                0.43662142753601074,
                1.746485710144043
            ],
            [
                0.0,
                0.0,
                0.0,
                1.0
            ]
        ],
        [
            [
                0.020663324743509293,
                0.7165136337280273,
                -0.6972669959068298,
                -2.7890679836273193
            ],
            [
                1.3418638422635354e-10,
                0.6974158883094788,
                0.7166666388511658,
                2.866666555404663
            ],
            [
                0.9997864961624146,
                -0.0148087153211236,
                0.014410930685698986,
                0.057643722742795944
            ],
            [
                0.0,
                0.0,
                0.0,
                1.0
            ]
        ],
        [
            [
                -0.6905825734138489,
                -0.4942232668399811,
                0.5280521512031555,
                2.112208604812622
            ],
            [
                9.069530904071144e-09,
                0.7301065325737,
                0.6833333373069763,
                2.7333333492279053
            ],
            [
                -0.7232535481452942,
                0.4718981087207794,
                -0.5041988492012024,
                -2.0167953968048096
            ],
            [
                0.0,
                0.0,
                0.0,
                1.0
            ]
        ],
        [
            [
                0.9977648854255676,
                0.043434858322143555,
                -0.050780974328517914,
                -0.20312389731407166
            ],
            [
                3.8892272735679967e-10,
                0.7599342465400696,
                0.6500000357627869,
                2.6000001430511475
            ],
            [
                0.06682285666465759,
                -0.6485472321510315,
                0.7582356929779053,
                3.032942771911621
            ],
            [
                0.0,
                0.0,
                0.0,
                1.0
            ]
        ],
        [
            [
                -0.7808589339256287,
                0.3852362334728241,
                -0.4917849004268646,
                -1.9671396017074585
            ],
            [
                1.2488340361827e-09,
                0.7872243523597717,
                0.6166666746139526,
                2.4666666984558105
            ],
            [
                0.6247074007987976,
                0.48152968287467957,
                -0.6147111654281616,
                -2.4588446617126465
            ],
            [
                0.0,
                0.0,
                0.0,
                1.0
            ]
        ],
        [
            [
                0.15379729866981506,
                -0.5763930678367615,
                0.8025693297386169,
                3.2102773189544678
            ],
            [
                -1.2694024720261154e-09,
                0.8122329711914062,
                0.5833333134651184,
                2.3333332538604736
            ],
            [
                -0.988102376461029,
                -0.08971509337425232,
                0.12491923570632935,
                0.4996769428253174
            ],
            [
                0.0,
                0.0,
                0.0,
                1.0
            ]
        ],
        [
            [
                0.5540482997894287,
                0.45786651968955994,
                -0.6952616572380066,
                -2.7810466289520264
            ],
            [
                -1.5050714452513603e-08,
                0.8351646065711975,
                0.550000011920929,
                2.200000047683716
            ],
            [
                0.8324845433235168,
                -0.3047265410423279,
                0.4627215266227722,
                1.8508861064910889
            ],
            [
                0.0,
                0.0,
                0.0,
                1.0
            ]
        ],
        [
            [
                -0.9708731770515442,
                -0.12379022687673569,
                0.20513717830181122,
                0.8205487132072449
            ],
            [
                1.4417774266139993e-11,
                0.8561866283416748,
                0.5166666507720947,
                2.066666603088379
            ],
            [
                -0.2395939975976944,
                0.5016177892684937,
                -0.8312486410140991,
                -3.3249945640563965
            ],
            [
                0.0,
                0.0,
                0.0,
                1.0
            ]
        ],
        [
            [
                0.8777350783348083,
                -0.23158732056617737,
                0.41946208477020264,
                1.6778483390808105
            ],
            [
                -2.8377993288586367e-09,
                0.8754364252090454,
                0.4833332896232605,
                1.933333158493042
            ],
            [
                -0.47914624214172363,
                -0.4242385923862457,
                0.7684012651443481,
                3.0736050605773926
            ],
            [
                0.0,
                0.0,
                0.0,
                1.0
            ]
        ],
        [
            [
                -0.3235558867454529,
                0.4257940649986267,
                -0.8449916839599609,
                -3.3799667358398438
            ],
            [
                5.7877542758433265e-09,
                0.8930285573005676,
                0.44999998807907104,
                1.7999999523162842
            ],
            [
                0.9462090730667114,
                0.14560014009475708,
                -0.28894463181495667,
                -1.1557785272598267
            ],
            [
                0.0,
                0.0,
                0.0,
                1.0
            ]
        ],
        [
            [
                -0.4005749821662903,
                -0.3817766308784485,
                0.8329383134841919,
                3.3317532539367676
            ],
            [
                -2.3214470346033522e-09,
                0.9090593457221985,
                0.4166666567325592,
                1.6666666269302368
            ],
            [
                -0.916263997554779,
                0.1669062227010727,
                -0.3641464114189148,
                -1.4565856456756592
            ],
            [
                0.0,
                0.0,
                0.0,
                1.0
            ]
        ],
        [
            [
                0.914298951625824,
                0.15526533126831055,
                -0.3740990459918976,
                -1.4963961839675903
            ],
            [
                -1.3704237744605052e-10,
                0.9236100316047668,
                0.38333332538604736,
                1.5333333015441895
            ],
            [
                0.40504002571105957,
                -0.350481241941452,
                0.8444557189941406,
                3.3778228759765625
            ],
            [
                0.0,
                0.0,
                0.0,
                1.0
            ]
        ],
        [
            [
                -0.947776198387146,
                0.11162766069173813,
                -0.29876336455345154,
                -1.1950534582138062
            ],
            [
                1.3810552701443157e-09,
                0.9367496967315674,
                0.3499999940395355,
                1.399999976158142
            ],
            [
                0.31893616914749146,
                0.3317216634750366,
                -0.887829065322876,
                -3.551316261291504
            ],
            [
                0.0,
                0.0,
                0.0,
                1.0
            ]
        ],
        [
            [
                0.48342233896255493,
                -0.2772059440612793,
                0.8303370475769043,
                3.321348190307617
            ],
            [
                3.7626166071724754e-10,
                0.9485368728637695,
                0.31666669249534607,
                1.2666667699813843
            ],
            [
                -0.8753871917724609,
                -0.15308375656604767,
                0.45854395627975464,
                1.8341758251190186
            ],
            [
                0.0,
                0.0,
                0.0,
                1.0
            ]
        ],
        [
            [
                0.23485496640205383,
                0.27540862560272217,
                -0.9321981072425842,
                -3.728792428970337
            ],
            [
                -1.2478533761850485e-09,
                0.9590214490890503,
                0.28333333134651184,
                1.1333333253860474
            ],
            [
                0.9720304608345032,
                -0.06654223799705505,
                0.22523096203804016,
                0.9009238481521606
            ],
            [
                0.0,
                0.0,
                0.0,
                1.0
            ]
        ],
        [
            [
                -0.829771876335144,
                -0.1395256668329239,
                0.540380597114563,
                2.161522388458252
            ],
            [
                2.869798398918988e-09,
                0.968245804309845,
                0.2499999850988388,
                0.9999999403953552
            ],
            [
                -0.5581027269363403,
                0.20744295418262482,
                -0.8034231662750244,
                -3.2136926651000977
            ],
            [
                0.0,
                0.0,
                0.0,
                1.0
            ]
        ],
        [
            [
                0.9888409376144409,
                -0.032277967780828476,
                0.14543642103672028,
                0.5817456841468811
            ],
            [
                9.117615551446079e-10,
                0.976245641708374,
                0.21666666865348816,
                0.8666666746139526
            ],
            [
                -0.14897523820400238,
                -0.2142488658428192,
                0.9653516411781311,
                3.8614065647125244
            ],
            [
                0.0,
                0.0,
                0.0,
                1.0
            ]
        ],
        [
            [
                -0.6285091638565063,
                0.14259706437587738,
                -0.764618992805481,
                -3.058475971221924
            ],
            [
                1.8175051463842351e-09,
                0.9830507636070251,
                0.1833333522081375,
                0.73333340883255
            ],
            [
                0.7778021097183228,
                0.11522669345140457,
                -0.6178564429283142,
                -2.471425771713257
            ],
            [
                0.0,
                0.0,
                0.0,
                1.0
            ]
        ],
        [
            [
                -0.06195468455553055,
                -0.14971184730529785,
                0.9867866635322571,
                3.9471466541290283
            ],
            [
                4.710075662828217e-10,
                0.9886859655380249,
                0.14999999105930328,
                0.5999999642372131
            ],
            [
                -0.9980790019035339,
                0.009293202310800552,
                -0.061253730207681656,
                -0.24501492083072662
            ],
            [
                0.0,
                0.0,
                0.0,
                1.0
            ]
        ],
        [
            [
                0.7198761105537415,
                0.0809786319732666,
                -0.689362645149231,
                -2.757450580596924
            ],
            [
                -3.0494458069796337e-09,
                0.9931710958480835,
                0.11666665971279144,
                0.46666663885116577
            ],
            [
                0.6941025257110596,
                -0.08398553729057312,
                0.7149601578712463,
                2.8598406314849854
            ],
            [
                0.0,
                0.0,
                0.0,
                1.0
            ]
        ],
        [
            [
                -0.9996737837791443,
                -0.002128359628841281,
                0.025451479479670525,
                0.1018059179186821
            ],
            [
                -6.460896401216942e-11,
                0.9965217709541321,
                0.0833333283662796,
                0.3333333134651184
            ],
            [
                -0.025540314614772797,
                0.08330614864826202,
                -0.9961966872215271,
                -3.9847867488861084
            ],
            [
                0.0,
                0.0,
                0.0,
                1.0
            ]
        ],
        [
            [
                0.7543805241584778,
                -0.03282186761498451,
                0.655616283416748,
                2.622465133666992
            ],
            [
                -1.318728459764884e-09,
                0.9987492561340332,
                0.05000000447034836,
                0.20000001788139343
            ],
            [
                -0.656437337398529,
                -0.03771902993321419,
                0.7534369826316833,
                3.0137479305267334
            ],
            [
                0.0,
                0.0,
                0.0,
                1.0
            ]
        ],
        [
            [
                -0.11283973604440689,
                0.016560222953557968,
                -0.9934751987457275,
                -3.97390079498291
            ],
            [
                1.3754164474022446e-10,
                0.9998610615730286,
                0.01666666939854622,
                0.06666667759418488
            ],
            [
                0.9936132431030273,
                0.0018806623993441463,
                -0.11282406002283096,
                -0.45129624009132385
            ],
            [
                0.0,
                0.0,
                0.0,
                1.0
            ]
        ]
    ],
    "dataset_type": "blender",
    "delaunay": true,
    "far": [
        4.894606734643196,
        4.8651852053668865,
        5.1247016628992945,
        4.940312689530122,
        5.236108042534203,
        5.161424986295263,
        5.038763689131796,
        5.366122986404619,
        5.070217566972482,
        5.069029377664389,
        5.283000084803939,
        5.032832187126109,
        5.465143948709423,
        5.230727982764801,
        4.925163085422942,
        5.370130205809339,
        4.801001278408325,
        5.253464699535523,
        5.160622428178766,
        4.977459050878921,
        5.450029356072346,
        5.064074191410953,
        4.767041218017719,
        5.243149493339457,
        4.797202728408523,
        5.32356133481616,
        5.07176263551381,
        4.832403785239724,
        5.243085150312775,
        4.704164690377475
    ],
    "focal": 1111.111083984375,
    "height": 800.0,
    "near": [
        2.837449901265637,
        3.0955214664891813,
        2.6432390461773947,
        3.1984738641332466,
        3.0040196106974557,
        2.737284887087273,
        3.2620835254856337,
        2.710601945829275,
        3.1941009586798215,
        3.2680395118662977,
        2.673167504607772,
        3.3291363942463237,
        3.0475028729624216,
        3.0250454643728673,
        3.1153774360140396,
        2.748859995621199,
        3.1579265787306223,
        3.4029782097225754,
        2.893736909302827,
        3.070748298803366,
        3.04976167755361,
        3.0954434732424287,
        3.1637004391419246,
        2.911965918245558,
        2.8971168359293413,
        3.312894159015695,
        3.250508568342047,
        2.978382775961915,
        3.116095243147792,
        2.7344344141972527
    ],
    "num_layers": [
        16,
        16,
        16,
        16,
        16,
        16,
        16,
        16,
        16,
        16,
        16,
        16,
        16,
        16,
        16,
        16,
        16,
        16,
        16,
        16,
        16,
        16,
        16,
        16,
        16,
        16,
        16,
        16,
        16,
        16
    ],
    "num_sublayers": [
        12,
        12,
        12,
        12,
        12,
        12,
        12,
        12,
        12,
        12,
        12,
        12,
        12,
        12,
        12,
        12,
        12,
        12,
        12,
        12,
        12,
        12,
        12,
        12,
        12,
        12,
        12,
        12,
        12,
        12
    ],
    "offset": [
        112.0,
        112.0,
        112.0,
        112.0,
        112.0,
        112.0,
        112.0,
        112.0,
        112.0,
        112.0,
        112.0,
        112.0,
        112.0,
        112.0,
        112.0,
        112.0,
        112.0,
        112.0,
        112.0,
        112.0,
        112.0,
        112.0,
        112.0,
        112.0,
        112.0,
        112.0,
        112.0,
        112.0,
        112.0,
        112.0
    ],
    "planes": [
        [
            2.837449789047241,
            2.848175287246704,
            2.858900785446167,
            2.869626522064209,
            2.880352020263672,
            2.8910772800445557,
            2.9018027782440186,
            2.9125285148620605,
            2.9232540130615234,
            2.9339795112609863,
            2.944705009460449,
            2.955430746078491,
            2.966156244277954,
            2.976881742477417,
            2.98760724067688,
            2.9983327388763428,
            3.0090582370758057,
            3.0197837352752686,
            3.0305092334747314,
            3.0412349700927734,
            3.0519604682922363,
            3.062685966491699,
            3.073411464691162,
            3.084136962890625,
            3.094862461090088,
            3.105587959289551,
            3.1163134574890137,
            3.1270391941070557,
            3.1377646923065186,
            3.1484901905059814,
            3.1592156887054443,
            3.1699414253234863,
            3.18066668510437,
            3.191392183303833,
            3.202117681503296,
            3.212843418121338,
            3.223568916320801,
            3.2342944145202637,
            3.2450199127197266,
            3.2557456493377686,
            3.2664711475372314,
            3.2771966457366943,
            3.287921905517578,
            3.29864764213562,
            3.309373140335083,
            3.320098638534546,
            3.330824136734009,
            3.341549873352051,
            3.3522753715515137,
            3.3630008697509766,
            3.3737261295318604,
            3.3844518661499023,
            3.3951773643493652,
            3.405902862548828,
            3.416628360748291,
            3.427354097366333,
            3.438079595565796,
            3.448805093765259,
            3.4595305919647217,
            3.4702563285827637,
            3.4809815883636475,
            3.4917070865631104,
            3.5024325847625732,
            3.5131583213806152,
            3.523883819580078,
            3.534609317779541,
            3.545334815979004,
            3.556060552597046,
            3.5667858123779297,
            3.5775113105773926,
            3.5882368087768555,
            3.5989625453948975,
            3.6096880435943604,
            3.6204135417938232,
            3.631139039993286,
            3.641864776611328,
            3.652590274810791,
            3.663315534591675,
            3.6740410327911377,
            3.6847667694091797,
            3.6954922676086426,
            3.7062177658081055,
            3.7169432640075684,
            3.7276690006256104,
            3.7383944988250732,
            3.749119758605957,
            3.75984525680542,
            3.770570993423462,
            3.781296491622925,
            3.7920219898223877,
            3.8027474880218506,
            3.8134732246398926,
            3.8241987228393555,
            3.8349242210388184,
            3.8456497192382812,
            3.856375217437744,
            3.867100715637207,
            3.87782621383667,
            3.888551712036133,
            3.899277448654175,
            3.9100029468536377,
            3.9207282066345215,
            3.9314537048339844,
            3.9421794414520264,
            3.9529049396514893,
            3.963630437850952,
            3.974355936050415,
            3.985081672668457,
            3.99580717086792,
            4.006532669067383,
            4.017258167266846,
            4.027983665466309,
            4.0387091636657715,
            4.049434661865234,
            4.060160160064697,
            4.07088565826416,
            4.081611156463623,
            4.092337131500244,
            4.103062629699707,
            4.11378812789917,
            4.124513626098633,
            4.135239124298096,
            4.145964622497559,
            4.1566901206970215,
            4.167415142059326,
            4.178141117095947,
            4.18886661529541,
            4.199592113494873,
            4.210317611694336,
            4.221043109893799,
